node | value from strict function | value from loose function | value from the additive function
1 | 39 | 341 | 68
2 | 37 | 367 | 75
3 | 22 | 363 | 65
4 | 21 | 374 | 59
5 | 40 | 348 | 71
6 | 15 | 367 | 70
7 | 11 | 372 | 65
8 | 38 | 329 | 71
9 | 39 | 357 | 71
10 | 11 | 366 | 64
11 | 30 | 366 | 72
12 | 39 | 341 | 76
13 | 36 | 267 | 74
14 | 31 | 370 | 65
15 | 39 | 334 | 86
16 | 36 | 295 | 71
17 | 11 | 371 | 53
18 | 40 | 363 | 62
19 | 40 | 332 | 74
20 | 19 | 363 | 84
21 | 33 | 359 | 69
22 | 40 | 359 | 73
23 | 11 | 372 | 86
24 | 21 | 362 | 67
25 | 25 | 367 | 65
26 | 3 | 48 | 41
27 | 19 | 369 | 113
28 | 35 | 335 | 69
29 | 37 | 359 | 86
30 | 39 | 318 | 64
31 | 39 | 360 | 76
32 | 21 | 361 | 66
33 | 40 | 305 | 79
34 | 39 | 365 | 58
35 | 11 | 371 | 63
36 | 40 | 354 | 66
37 | 34 | 361 | 75
38 | 39 | 354 | 71
39 | 34 | 359 | 83
40 | 20 | 364 | 73
41 | 40 | 356 | 67
42 | 20 | 364 | 70
43 | 38 | 325 | 82
44 | 9 | 374 | 103
45 | 37 | 343 | 98
46 | 11 | 195 | 29
47 | 10 | 195 | 32
48 | 11 | 370 | 78
49 | 11 | 195 | 28
50 | 19 | 372 | 70
51 | 39 | 351 | 67
52 | 39 | 353 | 61
53 | 37 | 275 | 70
54 | 4 | 171 | 68
55 | 39 | 366 | 72
56 | 37 | 335 | 68
57 | 16 | 372 | 64
58 | 39 | 356 | 75
59 | 39 | 355 | 66
60 | 11 | 373 | 56
61 | 11 | 373 | 59
62 | 22 | 371 | 64
63 | 22 | 370 | 64
64 | 22 | 372 | 63
65 | 22 | 371 | 64
66 | 4 | 171 | 67
67 | 11 | 374 | 74
68 | 38 | 370 | 60
69 | 11 | 374 | 73
70 | 40 | 363 | 64
71 | 35 | 347 | 78
72 | 11 | 374 | 56
73 | 11 | 374 | 70
74 | 11 | 374 | 67
75 | 41 | 359 | 63
76 | 21 | 374 | 65
77 | 39 | 294 | 72
78 | 10 | 196 | 25
79 | 39 | 369 | 71
80 | 11 | 374 | 56
81 | 30 | 366 | 64
82 | 8 | 63 | 21
83 | 21 | 364 | 73
84 | 11 | 370 | 62
85 | 1 | 196 | 98
86 | 33 | 365 | 57
87 | 40 | 357 | 67
88 | 11 | 191 | 41
89 | 19 | 372 | 62
90 | 33 | 360 | 79
91 | 7 | 188 | 80
92 | 32 | 357 | 71
93 | 3 | 187 | 99
94 | 11 | 368 | 83
95 | 20 | 371 | 68
96 | 37 | 322 | 78
97 | 11 | 369 | 80
98 | 31 | 356 | 76
99 | 11 | 368 | 60
100 | 12 | 200 | 75
101 | 17 | 366 | 90
102 | 33 | 135 | 63
103 | 22 | 363 | 70
104 | 11 | 364 | 111
105 | 29 | 362 | 64
106 | 11 | 364 | 73
107 | 11 | 366 | 72
108 | 22 | 368 | 72
109 | 9 | 374 | 66
110 | 13 | 372 | 49
111 | 10 | 372 | 49
112 | 10 | 372 | 49
113 | 10 | 369 | 73
114 | 10 | 370 | 82
115 | 20 | 369 | 61
116 | 20 | 369 | 59
117 | 19 | 369 | 61
118 | 10 | 367 | 74
119 | 10 | 370 | 61
120 | 40 | 355 | 72
121 | 10 | 367 | 77
122 | 37 | 304 | 68
123 | 11 | 367 | 60
124 | 20 | 365 | 67
125 | 18 | 358 | 79
126 | 40 | 344 | 79
127 | 32 | 357 | 65
128 | 12 | 371 | 98
129 | 3 | 68 | 45
130 | 5 | 66 | 43
131 | 38 | 322 | 85
132 | 10 | 366 | 69
133 | 10 | 365 | 85
134 | 26 | 362 | 97
135 | 39 | 345 | 66
136 | 21 | 356 | 75
137 | 40 | 332 | 62
138 | 38 | 352 | 70
139 | 10 | 365 | 150
140 | 10 | 366 | 70
141 | 10 | 366 | 81
142 | 30 | 364 | 102
143 | 10 | 366 | 64
144 | 10 | 367 | 78
145 | 3 | 189 | 81
146 | 10 | 368 | 67
147 | 10 | 367 | 63
148 | 20 | 366 | 59
149 | 10 | 370 | 71
150 | 10 | 370 | 78
151 | 2 | 196 | 99
152 | 20 | 365 | 72
153 | 23 | 364 | 60
154 | 10 | 373 | 51
155 | 32 | 348 | 104
156 | 38 | 363 | 50
157 | 40 | 330 | 64
158 | 10 | 372 | 62
159 | 40 | 337 | 61
160 | 19 | 357 | 126
161 | 10 | 374 | 50
162 | 22 | 364 | 60
163 | 31 | 362 | 62
164 | 10 | 370 | 65
165 | 13 | 362 | 72
166 | 19 | 367 | 60
167 | 4 | 56 | 35
168 | 14 | 367 | 57
169 | 10 | 368 | 65
170 | 29 | 353 | 75
171 | 39 | 347 | 66
172 | 26 | 361 | 61
173 | 10 | 374 | 64
174 | 30 | 352 | 68
175 | 18 | 363 | 60
176 | 13 | 200 | 56
177 | 5 | 62 | 34
178 | 29 | 356 | 89
179 | 5 | 62 | 34
180 | 10 | 365 | 63
181 | 36 | 355 | 63
182 | 25 | 356 | 56
183 | 3 | 196 | 31
184 | 39 | 353 | 65
185 | 10 | 367 | 59
186 | 30 | 354 | 64
187 | 30 | 371 | 71
188 | 13 | 373 | 69
189 | 10 | 374 | 95
190 | 10 | 365 | 87
191 | 10 | 369 | 55
192 | 34 | 354 | 66
193 | 20 | 358 | 69
194 | 20 | 358 | 68
195 | 10 | 365 | 80
196 | 10 | 373 | 60
197 | 39 | 338 | 64
198 | 19 | 365 | 61
199 | 20 | 368 | 60
200 | 17 | 362 | 52
201 | 20 | 364 | 52
202 | 10 | 371 | 47
203 | 10 | 365 | 60
204 | 12 | 364 | 59
205 | 38 | 341 | 62
206 | 2 | 1 | 1
207 | 10 | 365 | 82
208 | 20 | 361 | 61
209 | 10 | 365 | 69
210 | 10 | 367 | 53
211 | 10 | 365 | 63
212 | 12 | 366 | 51
213 | 4 | 196 | 34
214 | 10 | 365 | 83
215 | 36 | 357 | 58
216 | 17 | 367 | 109
217 | 10 | 366 | 89
218 | 25 | 357 | 85
219 | 10 | 367 | 77
220 | 17 | 365 | 49
221 | 9 | 367 | 77
222 | 16 | 374 | 48
223 | 17 | 360 | 84
224 | 39 | 360 | 55
225 | 9 | 370 | 48
226 | 9 | 370 | 47
227 | 12 | 369 | 47
228 | 9 | 368 | 59
229 | 28 | 365 | 49
230 | 18 | 365 | 55
231 | 18 | 364 | 57
232 | 9 | 371 | 48
233 | 8 | 371 | 80
234 | 8 | 373 | 57
235 | 16 | 374 | 52
236 | 1 | 56 | 36
237 | 33 | 369 | 63
238 | 23 | 370 | 57
239 | 8 | 374 | 60
240 | 9 | 370 | 49
241 | 28 | 356 | 64
242 | 23 | 371 | 51
243 | 5 | 75 | 37
244 | 9 | 371 | 47
245 | 8 | 195 | 30
246 | 9 | 368 | 65
247 | 13 | 366 | 52
248 | 8 | 367 | 54
249 | 8 | 367 | 54
250 | 8 | 372 | 45
251 | 13 | 368 | 51
252 | 16 | 373 | 70
253 | 8 | 195 | 30
254 | 7 | 196 | 25
255 | 6 | 373 | 45
256 | 6 | 374 | 42
257 | 6 | 374 | 42
258 | 7 | 371 | 65
259 | 6 | 374 | 45
260 | 6 | 371 | 42
261 | 6 | 371 | 42
262 | 11 | 371 | 41
263 | 5 | 373 | 83
264 | 20 | 369 | 59
265 | 7 | 373 | 37
266 | 5 | 374 | 43
267 | 9 | 373 | 36
268 | 7 | 374 | 42
269 | 4 | 241 | 32
270 | 4 | 374 | 43
272 | 21 | 369 | 50
273 | 6 | 241 | 31
274 | 7 | 199 | 44
275 | 4 | 374 | 43
276 | 3 | 128 | 25
277 | 3 | 128 | 25
278 | 5 | 128 | 23
279 | 3 | 128 | 25
280 | 3 | 374 | 47
281 | 8 | 374 | 40
282 | 5 | 128 | 26
283 | 4 | 372 | 68
284 | 2 | 110 | 55
285 | 2 | 110 | 55
286 | 5 | 374 | 50
287 | 1 | 1 | 1
288 | 2 | 161 | 39
289 | 2 | 374 | 49
290 | 4 | 160 | 39
291 | 2 | 241 | 68
292 | 3 | 201 | 42
293 | 3 | 162 | 38
294 | 4 | 374 | 56
295 | 5 | 373 | 52
296 | 2 | 161 | 39
297 | 2 | 374 | 64
298 | 2 | 161 | 39
299 | 5 | 372 | 45
300 | 2 | 116 | 31
301 | 6 | 372 | 65
302 | 2 | 196 | 72
303 | 2 | 374 | 64
304 | 21 | 369 | 47
305 | 7 | 373 | 41
306 | 2 | 374 | 42
307 | 2 | 374 | 42
308 | 4 | 200 | 37
309 | 3 | 53 | 19
310 | 3 | 374 | 40
311 | 3 | 201 | 35
312 | 3 | 374 | 39
313 | 2 | 114 | 34
314 | 2 | 374 | 43
316 | 4 | 373 | 49
317 | 1 | 201 | 73
318 | 2 | 196 | 99
319 | 4 | 373 | 47
320 | 4 | 200 | 39
321 | 2 | 374 | 43
322 | 3 | 373 | 63
323 | 5 | 374 | 46
324 | 4 | 374 | 46
325 | 11 | 372 | 42
326 | 2 | 200 | 39
327 | 2 | 374 | 64
328 | 2 | 374 | 76
329 | 1 | 374 | 56
330 | 2 | 39 | 22
331 | 1 | 374 | 68
332 | 2 | 373 | 48
333 | 1 | 374 | 40
334 | 1 | 374 | 61
335 | 3 | 373 | 60
336 | 2 | 374 | 103
337 | 6 | 373 | 57
338 | 2 | 196 | 49
339 | 1 | 374 | 70
340 | 5 | 242 | 75
341 | 3 | 373 | 70
342 | 2 | 37 | 10
343 | 2 | 196 | 33
344 | 1 | 40 | 22
345 | 2 | 374 | 58
346 | 1 | 374 | 70
347 | 1 | 374 | 70
348 | 7 | 374 | 46
349 | 2 | 374 | 53
350 | 5 | 374 | 51
351 | 2 | 374 | 44
352 | 5 | 200 | 39
353 | 2 | 374 | 71
354 | 1 | 0 | 0
355 | 1 | 0 | 0
356 | 1 | 0 | 0
358 | 1 | 78 | 20
359 | 1 | 93 | 39
360 | 2 | 200 | 47
361 | 1 | 201 | 39
362 | 2 | 374 | 43
363 | 1 | 116 | 60
364 | 1 | 374 | 91
365 | 1 | 201 | 39
366 | 2 | 201 | 35
367 | 1 | 201 | 50
368 | 1 | 201 | 50
369 | 2 | 242 | 59
370 | 4 | 374 | 54
371 | 2 | 374 | 38
372 | 1 | 374 | 38
373 | 1 | 374 | 38
374 | 1 | 374 | 38
375 | 3 | 116 | 39
376 | 1 | 374 | 38
377 | 3 | 116 | 36
378 | 2 | 110 | 28
379 | 1 | 24 | 12
380 | 1 | 110 | 36
381 | 4 | 374 | 73
382 | 2 | 374 | 87
383 | 3 | 374 | 48
384 | 2 | 71 | 14
385 | 1 | 53 | 18
386 | 1 | 110 | 36
387 | 1 | 1 | 1
388 | 5 | 201 | 66
389 | 1 | 173 | 88
390 | 2 | 53 | 18
391 | 1 | 71 | 17
392 | 2 | 374 | 71
393 | 1 | 20 | 8
395 | 2 | 374 | 71
397 | 1 | 71 | 17
398 | 1 | 242 | 77
400 | 1 | 242 | 77
401 | 2 | 56 | 15
402 | 1 | 242 | 65
403 | 4 | 374 | 52
404 | 2 | 129 | 44
405 | 1 | 1 | 1
406 | 2 | 374 | 56
407 | 1 | 242 | 65
408 | 1 | 201 | 53
409 | 3 | 201 | 37
410 | 1 | 83 | 25
411 | 1 | 56 | 15
412 | 1 | 83 | 25
413 | 1 | 83 | 25
414 | 1 | 110 | 25
415 | 1 | 1 | 0
416 | 1 | 56 | 15
417 | 1 | 1 | 0
418 | 1 | 1 | 0
419 | 1 | 56 | 15
420 | 1 | 374 | 92
421 | 1 | 1 | 0
422 | 1 | 1 | 1
423 | 2 | 83 | 19
424 | 1 | 16 | 8
425 | 1 | 16 | 8
426 | 1 | 83 | 25
427 | 1 | 110 | 25
428 | 1 | 22 | 20
429 | 1 | 374 | 83
